 ! ratios of j-th planet mass to the mass of the Sun
      gm(1)= 0.00000016601 
      gm(2)= 0.00000244781 
      gm(3)= 0.0000030404 
      gm(4)= 0.00000032272 
      gm(5)= 0.00095479 
      gm(6)= 0.00028589 
      gm(7)= 0.000043662 
      gm(8)= 0.000051514 
!      gm(9)= 0.0000000073964 
